    0
    0
3.842407e-01
 -200
 -200
 -200
 -200
 -200
 -200
  200
  200
  200
  200
  200
  200
  200
  200
  200
  200
  200
  200
  200
  200
  200
  200
  200
  200
  200
1.524569e+02
1.172914e+02
9.667074e+01
8.449991e+01
7.735660e+01
7.318926e+01
7.075714e+01
6.933750e+01
6.850934e+01
6.802697e+01
6.774684e+01
6.758497e+01
6.749230e+01
6.744009e+01
6.741156e+01
6.739688e+01
6.739029e+01
6.738842e+01
6.738932e+01
6.739182e+01
6.739525e+01
6.739921e+01
6.740348e+01
6.740792e+01
6.741244e+01
6.741702e+01
6.742161e+01
6.742621e+01
6.743080e+01
6.743538e+01
6.743994e+01
6.744449e+01
6.744902e+01
6.745353e+01
6.745801e+01
6.746248e+01
6.746693e+01
6.747136e+01
6.747577e+01
6.748016e+01
6.748453e+01
6.748887e+01
6.749318e+01
6.749747e+01
6.750174e+01
6.750598e+01
6.751021e+01
6.751441e+01
6.751859e+01
6.752276e+01
6.752690e+01
6.753102e+01
6.753512e+01
6.753921e+01
6.754327e+01
6.754731e+01
6.755134e+01
6.755534e+01
6.755932e+01
6.756330e+01
6.756726e+01
6.757120e+01
6.757513e+01
6.757903e+01
6.758293e+01
6.758680e+01
6.759065e+01
6.759449e+01
6.759831e+01
6.760212e+01
6.760590e+01
6.760968e+01
6.761346e+01
6.761722e+01
6.762098e+01
6.762472e+01
6.762845e+01
6.763216e+01
6.763586e+01
6.763954e+01
6.764320e+01
6.764684e+01
6.765043e+01
6.765400e+01
6.765754e+01
6.766106e+01
6.766456e+01
6.766804e+01
6.767151e+01
6.767496e+01
6.767842e+01
6.768187e+01
6.768532e+01
6.768875e+01
6.769217e+01
6.769558e+01
6.769895e+01
6.770206e+01
6.770496e+01
6.770771e+01
6.771038e+01
6.771298e+01
6.771554e+01
6.771818e+01
6.772099e+01
6.772388e+01
6.772682e+01
6.772977e+01
6.773273e+01
6.773570e+01
6.773867e+01
6.774164e+01
6.774460e+01
6.774755e+01
6.775053e+01
6.775356e+01
6.775659e+01
6.775964e+01
6.776268e+01
6.776572e+01
6.776876e+01
6.777180e+01
6.777483e+01
6.777783e+01
6.778079e+01
6.778372e+01
6.778663e+01
6.778955e+01
6.779248e+01
6.779542e+01
6.779835e+01
6.780124e+01
6.780409e+01
6.780691e+01
6.780972e+01
6.781251e+01
6.781528e+01
6.781804e+01
6.782079e+01
6.782352e+01
6.782624e+01
6.782894e+01
6.783163e+01
6.783431e+01
6.783698e+01
6.783964e+01
6.784228e+01
6.784491e+01
6.784753e+01
6.785013e+01
6.785272e+01
6.785530e+01
6.785787e+01
6.786043e+01
6.786297e+01
6.786550e+01
6.786802e+01
6.787053e+01
6.787303e+01
6.787551e+01
6.787799e+01
6.788045e+01
6.788290e+01
6.788534e+01
6.788776e+01
6.789018e+01
6.789258e+01
6.789497e+01
6.789736e+01
6.789973e+01
6.790208e+01
6.790443e+01
6.790677e+01
6.790909e+01
6.791141e+01
6.791371e+01
6.791601e+01
6.791829e+01
6.792056e+01
6.792282e+01
6.792507e+01
6.792731e+01
6.792954e+01
6.793176e+01
6.793396e+01
6.793616e+01
6.793835e+01
6.794052e+01
6.794269e+01
6.794485e+01
6.794699e+01
6.794913e+01
6.795125e+01
6.795337e+01
6.795548e+01
6.795757e+01
6.795966e+01
6.796173e+01
6.796380e+01
6.796586e+01
6.796790e+01
6.796994e+01
6.797197e+01
6.797399e+01
6.797600e+01
6.797800e+01
6.797998e+01
6.798197e+01
6.798394e+01
6.798590e+01
6.798785e+01
6.798979e+01
6.799173e+01
6.799365e+01
6.799557e+01
6.799748e+01
6.799937e+01
6.800126e+01
6.800314e+01
6.800501e+01
6.800688e+01
6.800873e+01
6.801057e+01
6.801241e+01
6.801424e+01
6.801606e+01
6.801787e+01
6.801967e+01
6.802146e+01
6.802325e+01
6.802502e+01
6.802679e+01
6.802855e+01
6.803030e+01
6.803204e+01
6.803378e+01
6.803551e+01
6.803722e+01
6.803894e+01
6.804064e+01
6.804233e+01
6.804402e+01
6.804570e+01
6.804737e+01
6.804903e+01
6.805068e+01
6.805233e+01
6.805397e+01
6.805560e+01
6.805723e+01
6.805884e+01
6.806045e+01
6.806205e+01
6.806365e+01
6.806523e+01
6.806681e+01
6.806838e+01
6.806994e+01
6.807150e+01
6.807305e+01
6.807459e+01
6.807612e+01
6.807765e+01
6.807917e+01
6.808068e+01
6.808219e+01
6.808369e+01
6.808518e+01
6.808666e+01
6.808814e+01
6.808961e+01
6.809107e+01
6.809253e+01
6.809398e+01
6.809542e+01
6.809686e+01
6.809829e+01
6.809971e+01
6.810113e+01
6.810254e+01
6.810394e+01
6.810533e+01
6.810672e+01
6.810811e+01
6.810948e+01
6.811085e+01
6.811222e+01
6.811357e+01
6.811492e+01
6.811627e+01
6.811761e+01
6.811894e+01
6.812026e+01
6.812158e+01
6.812289e+01
6.812420e+01
6.812550e+01
6.812679e+01
6.812808e+01
6.812936e+01
6.813064e+01
6.813191e+01
6.813317e+01
6.813443e+01
6.813568e+01
6.813693e+01
6.813817e+01
6.813941e+01
6.814063e+01
6.814186e+01
6.814307e+01
6.814429e+01
6.814549e+01
6.814669e+01
6.814789e+01
6.814907e+01
6.815026e+01
6.815143e+01
6.815261e+01
6.815377e+01
6.815493e+01
6.815609e+01
6.815724e+01
6.815838e+01
6.815952e+01
6.816066e+01
6.816179e+01
6.816291e+01
6.816403e+01
6.816514e+01
6.816625e+01
6.816735e+01
6.816844e+01
6.816954e+01
6.817062e+01
6.817170e+01
6.817278e+01
6.817385e+01
6.817492e+01
6.817598e+01
6.817704e+01
6.817809e+01
6.817913e+01
6.818017e+01
6.818121e+01
6.818224e+01
6.818327e+01
6.818429e+01
6.818531e+01
6.818632e+01
6.818733e+01
6.818833e+01
6.818933e+01
6.819032e+01
6.819131e+01
6.819229e+01
6.819327e+01
6.819425e+01
6.819522e+01
6.819618e+01
6.819714e+01
6.819810e+01
6.819905e+01
6.820000e+01
6.820094e+01
6.820188e+01
6.820282e+01
6.820375e+01
6.820467e+01
6.820559e+01
6.820651e+01
6.820742e+01
6.820833e+01
6.820923e+01
6.821013e+01
6.821103e+01
6.821192e+01
6.821280e+01
6.821369e+01
6.821457e+01
6.821544e+01
6.821631e+01
6.821718e+01
6.821804e+01
6.821890e+01
6.821975e+01
6.822060e+01
6.822145e+01
6.822229e+01
6.822312e+01
6.822396e+01
6.822479e+01
6.822561e+01
6.822644e+01
6.822726e+01
6.822807e+01
6.822888e+01
6.822969e+01
6.823049e+01
6.823129e+01
6.823208e+01
6.823288e+01
6.823366e+01
6.823445e+01
6.823523e+01
6.823601e+01
6.823678e+01
6.823755e+01
6.823831e+01
6.823908e+01
6.823984e+01
6.824059e+01
6.824134e+01
6.824209e+01
6.824283e+01
6.824358e+01
6.824431e+01
6.824505e+01
6.824578e+01
6.824650e+01
6.824723e+01
6.824795e+01
6.824867e+01
6.824938e+01
6.825009e+01
6.825080e+01
6.825150e+01
6.825220e+01
6.825290e+01
6.825359e+01
6.825428e+01
6.825497e+01
6.825565e+01
6.825633e+01
6.825701e+01
6.825768e+01
6.825835e+01
6.825902e+01
6.825969e+01
6.826035e+01
6.826101e+01
6.826166e+01
6.826231e+01
6.826296e+01
6.826361e+01
6.826425e+01
6.826489e+01
6.826553e+01
6.826616e+01
6.826679e+01
6.826742e+01
6.826805e+01
6.826867e+01
6.826929e+01
6.826990e+01
6.827052e+01
6.827113e+01
6.827174e+01
6.827234e+01
6.827294e+01
6.827354e+01
6.827414e+01
6.827473e+01
6.827532e+01
6.827591e+01
6.827649e+01
6.827708e+01
6.827766e+01
6.827823e+01
6.827881e+01
6.827938e+01
6.827995e+01
6.828051e+01
6.828108e+01
6.828164e+01
6.828220e+01
6.828275e+01
6.828330e+01
6.828385e+01
6.828440e+01
6.828495e+01
6.828549e+01
6.828603e+01
6.828657e+01
6.828710e+01
6.828763e+01
6.828816e+01
6.828869e+01
6.828922e+01
6.828974e+01
6.829026e+01
6.829077e+01
6.829129e+01
6.829180e+01
6.829231e+01
6.829282e+01
6.829333e+01
6.829383e+01
6.829433e+01
6.829483e+01
6.829532e+01
6.829582e+01
6.829631e+01
6.829680e+01
6.829728e+01
6.829777e+01
6.829825e+01
6.829873e+01
6.829921e+01
6.829968e+01
6.830015e+01
6.830063e+01
6.830109e+01
6.830156e+01
6.830202e+01
6.830249e+01
6.830295e+01
6.830340e+01
6.830386e+01
6.830431e+01
6.830476e+01
6.830521e+01
6.830566e+01
6.830610e+01
6.830655e+01
6.830699e+01
6.830743e+01
6.830786e+01
6.830830e+01
6.830873e+01
6.830916e+01
6.830959e+01
6.831001e+01
6.831044e+01
6.831086e+01
6.831128e+01
6.831170e+01
6.831212e+01
6.831253e+01
6.831294e+01
6.831335e+01
6.831376e+01
6.831417e+01
6.831457e+01
6.831497e+01
6.831538e+01
6.831577e+01
6.831617e+01
6.831657e+01
6.831696e+01
6.831735e+01
6.831774e+01
6.831813e+01
6.831852e+01
6.831890e+01
6.831928e+01
6.831966e+01
6.832004e+01
6.832042e+01
6.832079e+01
6.832117e+01
6.832154e+01
6.832191e+01
6.832228e+01
6.832264e+01
6.832301e+01
6.832337e+01
6.832373e+01
6.832409e+01
6.832445e+01
6.832481e+01
6.832516e+01
6.832551e+01
6.832586e+01
6.832621e+01
6.832656e+01
6.832691e+01
6.832725e+01
6.832760e+01
6.832794e+01
6.832828e+01
6.832861e+01
6.832895e+01
6.832929e+01
6.832962e+01
6.832995e+01
6.833028e+01
6.833061e+01
6.833094e+01
6.833126e+01
6.833159e+01
6.833191e+01
6.833223e+01
6.833255e+01
6.833287e+01
6.833318e+01
6.833350e+01
6.833381e+01
6.833412e+01
6.833444e+01
6.833474e+01
6.833505e+01
6.833536e+01
6.833566e+01
6.833597e+01
6.833627e+01
6.833657e+01
6.833687e+01
6.833717e+01
6.833746e+01
6.833776e+01
6.833805e+01
6.833834e+01
6.833863e+01
6.833892e+01
6.833921e+01
6.833950e+01
6.833978e+01
6.834007e+01
6.834035e+01
6.834063e+01
6.834091e+01
6.834119e+01
6.834147e+01
6.834174e+01
6.834202e+01
6.834229e+01
6.834256e+01
6.834283e+01
6.834310e+01
6.834337e+01
6.834364e+01
6.834390e+01
6.834417e+01
6.834443e+01
6.834469e+01
6.834495e+01
6.834521e+01
6.834547e+01
6.834573e+01
6.834598e+01
6.834624e+01
6.834649e+01
6.834674e+01
6.834700e+01
6.834725e+01
6.834749e+01
6.834774e+01
6.834799e+01
6.834823e+01
6.834848e+01
6.834872e+01
6.834896e+01
6.834920e+01
6.834944e+01
6.834968e+01
6.834992e+01
6.835015e+01
6.835039e+01
6.835062e+01
6.835086e+01
6.835109e+01
6.835132e+01
6.835155e+01
6.835178e+01
6.835200e+01
6.835223e+01
6.835245e+01
6.835268e+01
6.835290e+01
6.835312e+01
6.835334e+01
6.835356e+01
6.835378e+01
6.835400e+01
6.835422e+01
6.835443e+01
6.835465e+01
6.835486e+01
6.835508e+01
6.835529e+01
6.835550e+01
6.835571e+01
6.835592e+01
6.835612e+01
6.835633e+01
6.835654e+01
6.835674e+01
6.835695e+01
6.835715e+01
6.835735e+01
6.835755e+01
6.835775e+01
6.835795e+01
6.835815e+01
6.835835e+01
6.835854e+01
6.835874e+01
6.835893e+01
6.835913e+01
6.835932e+01
6.835951e+01
6.835970e+01
6.835989e+01
6.836008e+01
6.836027e+01
6.836046e+01
6.836064e+01
6.836083e+01
6.836101e+01
6.836120e+01
6.836138e+01
6.836156e+01
6.836174e+01
6.836192e+01
6.836210e+01
6.836228e+01
6.836246e+01
6.836264e+01
6.836281e+01
6.836299e+01
6.836316e+01
6.836334e+01
6.836351e+01
6.836368e+01
6.836385e+01
6.836402e+01
6.836419e+01
6.836436e+01
6.836453e+01
6.836470e+01
6.836486e+01
6.836503e+01
6.836519e+01
6.836536e+01
6.836552e+01
6.836568e+01
6.836585e+01
6.836601e+01
6.836617e+01
6.836633e+01
6.836649e+01
6.836664e+01
6.836680e+01
6.836696e+01
6.836711e+01
6.836727e+01
6.836742e+01
6.836758e+01
6.836773e+01
6.836788e+01
6.836803e+01
6.836818e+01
6.836833e+01
6.836848e+01
6.836863e+01
6.836878e+01
6.836893e+01
6.836907e+01
6.836922e+01
6.836936e+01
6.836951e+01
6.836965e+01
6.836979e+01
6.836994e+01
6.837008e+01
6.837022e+01
6.837036e+01
6.837050e+01
6.837064e+01
6.837078e+01
6.837092e+01
6.837105e+01
6.837119e+01
6.837132e+01
6.837146e+01
6.837159e+01
6.837173e+01
6.837186e+01
6.837199e+01
6.837213e+01
6.837226e+01
6.837239e+01
6.837252e+01
6.837265e+01
6.837278e+01
6.837291e+01
6.837303e+01
6.837316e+01
6.837329e+01
6.837341e+01
6.837354e+01
6.837366e+01
6.837379e+01
6.837391e+01
6.837403e+01
6.837416e+01
6.837428e+01
6.837440e+01
6.837452e+01
6.837464e+01
6.837476e+01
6.837488e+01
6.837500e+01
6.837511e+01
6.837523e+01
6.837535e+01
6.837547e+01
6.837558e+01
6.837570e+01
6.837581e+01
6.837592e+01
6.837604e+01
6.837615e+01
6.837626e+01
6.837638e+01
6.837649e+01
6.837660e+01
6.837671e+01
6.837682e+01
6.837693e+01
6.837704e+01
6.837714e+01
6.837725e+01
6.837736e+01
6.837747e+01
6.837757e+01
6.837768e+01
6.837778e+01
6.837789e+01
6.837799e+01
6.837810e+01
6.837820e+01
6.837830e+01
6.837840e+01
6.837851e+01
6.837861e+01
6.837871e+01
6.837881e+01
6.837891e+01
6.837901e+01
6.837911e+01
6.837921e+01
6.837930e+01
6.837940e+01
6.837950e+01
6.837959e+01
6.837969e+01
6.837979e+01
6.837988e+01
6.837998e+01
6.838007e+01
6.838017e+01
6.838026e+01
6.838035e+01
6.838044e+01
6.838054e+01
6.838063e+01
6.838072e+01
6.838081e+01
6.838090e+01
6.838099e+01
6.838108e+01
6.838117e+01
6.838126e+01
6.838135e+01
6.838144e+01
6.838152e+01
6.838161e+01
6.838170e+01
6.838178e+01
6.838187e+01
6.838195e+01
6.838204e+01
6.838212e+01
6.838221e+01
6.838229e+01
6.838238e+01
6.838246e+01
6.838254e+01
6.838262e+01
6.838271e+01
6.838279e+01
6.838287e+01
6.838295e+01
6.838303e+01
6.838311e+01
6.838319e+01
6.838327e+01
6.838335e+01
6.838343e+01
6.838350e+01
6.838358e+01
6.838366e+01
6.838374e+01
6.838381e+01
6.838389e+01
6.838396e+01
6.838404e+01
6.838412e+01
6.838419e+01
6.838427e+01
6.838434e+01
6.838441e+01
6.838449e+01
6.838456e+01
6.838463e+01
6.838471e+01
6.838478e+01
6.838485e+01
6.838492e+01
6.838499e+01
6.838506e+01
6.838513e+01
6.838520e+01
6.838527e+01
6.838534e+01
6.838541e+01
6.838548e+01
6.838555e+01
6.838562e+01
6.838568e+01
6.838575e+01
6.838582e+01
6.838589e+01
6.838595e+01
6.838602e+01
6.838608e+01
6.838615e+01
6.838622e+01
6.838628e+01
6.838634e+01
6.838641e+01
6.838647e+01
6.838654e+01
6.838660e+01
6.838666e+01
6.838673e+01
6.838679e+01
6.838685e+01
6.838691e+01
6.838698e+01
6.838704e+01
6.838710e+01
6.838716e+01
6.838722e+01
6.838728e+01
6.838734e+01
6.838740e+01
6.838746e+01
6.838752e+01
6.838758e+01
6.838763e+01
6.838769e+01
6.838775e+01
6.838781e+01
6.838787e+01
6.838792e+01
6.838798e+01
6.838804e+01
6.838809e+01
6.838815e+01
6.838821e+01
6.838826e+01
6.838832e+01
6.838837e+01
6.838843e+01
6.838848e+01
6.838854e+01
6.838859e+01
6.838864e+01
6.838870e+01
6.838875e+01
6.838880e+01
6.838886e+01
6.838891e+01
6.838896e+01
6.838901e+01
6.838906e+01
6.838912e+01
6.838917e+01
6.838922e+01
6.838927e+01
6.838932e+01
6.838937e+01
6.838942e+01
6.838947e+01
6.838952e+01
6.838957e+01
6.838962e+01
6.838967e+01
6.838972e+01
6.838976e+01
6.838981e+01
6.838986e+01
6.838991e+01
6.838996e+01
6.839000e+01
6.839005e+01
6.839010e+01
6.839014e+01
6.839019e+01
6.839024e+01
6.839028e+01
6.839033e+01
6.839037e+01
6.839042e+01
6.839047e+01
6.839051e+01
6.839055e+01
6.839060e+01
6.839064e+01
6.839069e+01
6.839073e+01
6.839078e+01
6.839082e+01
6.839086e+01
6.839091e+01
6.839095e+01
6.839099e+01
6.839103e+01
6.839108e+01
6.839112e+01
6.839116e+01
6.839120e+01
6.839124e+01
6.839128e+01
6.839132e+01
6.839137e+01
6.839141e+01
6.839145e+01
6.839149e+01
6.839153e+01
6.839157e+01
6.839161e+01
6.839165e+01
6.839169e+01
6.839173e+01
6.839176e+01
6.839180e+01
6.839184e+01
6.839188e+01
6.839192e+01
6.839196e+01
6.839199e+01
6.839203e+01
6.839207e+01
6.839211e+01
6.839214e+01
6.839218e+01
6.839222e+01
6.839226e+01
6.839229e+01
6.839233e+01
6.839236e+01
6.839240e+01
6.839244e+01
6.839247e+01
6.839251e+01
6.839254e+01
6.839258e+01
6.839261e+01
6.839265e+01
6.839268e+01
6.839272e+01
6.839275e+01
6.839279e+01
6.839282e+01
6.839285e+01
6.839289e+01
6.839292e+01
6.839295e+01
6.839299e+01
6.839302e+01
6.839305e+01
6.839309e+01
6.839312e+01
6.839315e+01
6.839318e+01
6.839322e+01
6.839325e+01
6.839328e+01
6.839331e+01
6.839334e+01
6.839337e+01
6.839340e+01
6.839344e+01
6.839347e+01
6.839350e+01
6.839353e+01
6.839356e+01
6.839359e+01
6.839362e+01
6.839365e+01
6.839368e+01
6.839371e+01
6.839374e+01
6.839377e+01
6.839380e+01
6.839383e+01
6.839386e+01
6.839388e+01
6.839391e+01
6.839394e+01
6.839397e+01
6.839400e+01
6.839403e+01
6.839406e+01
6.839408e+01
6.839411e+01
6.839414e+01
6.839417e+01
6.839419e+01
6.839422e+01
6.839425e+01
6.839428e+01
6.839430e+01
6.839433e+01
6.839436e+01
6.839438e+01
6.839441e+01
6.839444e+01
6.839446e+01
6.839449e+01
6.839451e+01
6.839454e+01
6.839457e+01
6.839459e+01
6.839462e+01
6.839464e+01
6.839467e+01
6.839469e+01
6.839472e+01
6.839474e+01
6.839477e+01
6.839479e+01
6.839482e+01
6.839484e+01
6.839487e+01
6.839489e+01
6.839491e+01
6.839494e+01
6.839496e+01
6.839499e+01
6.839501e+01
6.839503e+01
6.839506e+01
6.839508e+01
6.839510e+01
6.839513e+01
6.839515e+01
6.839517e+01
6.839519e+01
6.839522e+01
6.839524e+01
6.839526e+01
6.839528e+01
6.839531e+01
6.839533e+01
6.839535e+01
6.839537e+01
6.839539e+01
6.839542e+01
6.839544e+01
6.839546e+01
6.839548e+01
6.839550e+01
6.839552e+01
6.839554e+01
6.839557e+01
6.839559e+01
6.839561e+01
6.839563e+01
6.839565e+01
6.839567e+01
6.839569e+01
6.839571e+01
6.839573e+01
6.839575e+01
6.839577e+01
6.839579e+01
6.839581e+01
6.839583e+01
6.839585e+01
6.839587e+01
6.839589e+01
6.839591e+01
6.839593e+01
6.839595e+01
6.839597e+01
6.839598e+01
6.839600e+01
6.839602e+01
6.839604e+01
6.839606e+01
6.839608e+01
6.839610e+01
6.839612e+01
6.839613e+01
6.839615e+01
6.839617e+01
6.839619e+01
6.839621e+01
6.839622e+01
6.839624e+01
6.839626e+01
6.839628e+01
6.839629e+01
6.839631e+01
6.839633e+01
6.839635e+01
6.839636e+01
6.839638e+01
6.839640e+01
6.839642e+01
6.839643e+01
6.839645e+01
6.839647e+01
6.839648e+01
6.839650e+01
6.839652e+01
6.839653e+01
6.839655e+01
6.839656e+01
6.839658e+01
6.839660e+01
6.839661e+01
6.839663e+01
6.839664e+01
6.839666e+01
6.839668e+01
6.839669e+01
6.839671e+01
6.839672e+01
6.839674e+01
6.839675e+01
6.839677e+01
6.839678e+01
6.839680e+01
6.839681e+01
6.839683e+01
6.839684e+01
6.839686e+01
6.839687e+01
6.839689e+01
6.839690e+01
6.839692e+01
6.839693e+01
6.839695e+01
6.839696e+01
6.839698e+01
6.839699e+01
6.839700e+01
6.839702e+01
6.839703e+01
6.839705e+01
6.839706e+01
6.839707e+01
6.839709e+01
6.839710e+01
6.839712e+01
6.839713e+01
6.839714e+01
6.839716e+01
6.839717e+01
6.839718e+01
6.839720e+01
6.839721e+01
6.839722e+01
6.839724e+01
6.839725e+01
6.839726e+01
6.839727e+01
6.839729e+01
6.839730e+01
6.839731e+01
6.839733e+01
6.839734e+01
6.839735e+01
6.839736e+01
6.839738e+01
6.839739e+01
6.839740e+01
6.839741e+01
6.839742e+01
6.839744e+01
6.839745e+01
6.839746e+01
6.839747e+01
6.839748e+01
6.839750e+01
6.839751e+01
6.839752e+01
6.839753e+01
6.839754e+01
6.839756e+01
6.839757e+01
6.839758e+01
6.839759e+01
6.839760e+01
6.839761e+01
6.839762e+01
6.839763e+01
6.839765e+01
6.839766e+01
6.839767e+01
6.839768e+01
6.839769e+01
6.839770e+01
6.839771e+01
6.839772e+01
6.839773e+01
6.839774e+01
6.839775e+01
6.839777e+01
6.839778e+01
6.839779e+01
6.839780e+01
6.839781e+01
6.839782e+01
6.839783e+01
6.839784e+01
6.839785e+01
6.839786e+01
6.839787e+01
6.839788e+01
6.839789e+01
6.839790e+01
6.839791e+01
6.839792e+01
6.839793e+01
6.839794e+01
6.839795e+01
6.839796e+01
6.839797e+01
6.839798e+01
6.839799e+01
6.839800e+01
6.839800e+01
6.839801e+01
6.839802e+01
6.839803e+01
6.839804e+01
6.839805e+01
6.839806e+01
6.839807e+01
6.839808e+01
6.839809e+01
6.839810e+01
6.839811e+01
6.839811e+01
6.839812e+01
6.839813e+01
6.839814e+01
6.839815e+01
6.839816e+01
6.839817e+01
6.839818e+01
6.839818e+01
6.839819e+01
6.839820e+01
6.839821e+01
6.839822e+01
6.839823e+01
6.839824e+01
6.839824e+01
6.839825e+01
6.839826e+01
6.839827e+01
6.839828e+01
6.839828e+01
6.839829e+01
6.839830e+01
6.839831e+01
6.839832e+01
6.839832e+01
6.839833e+01
6.839834e+01
6.839835e+01
6.839836e+01
6.839836e+01
6.839837e+01
6.839838e+01
6.839839e+01
6.839839e+01
6.839840e+01
6.839841e+01
6.839842e+01
6.839842e+01
6.839843e+01
6.839844e+01
6.839845e+01
6.839845e+01
6.839846e+01
6.839847e+01
6.839848e+01
6.839848e+01
6.839849e+01
6.839850e+01
6.839850e+01
6.839851e+01
6.839852e+01
6.839853e+01
6.839853e+01
6.839854e+01
6.839855e+01
6.839855e+01
6.839856e+01
6.839857e+01
6.839857e+01
6.839858e+01
6.839859e+01
6.839859e+01
6.839860e+01
6.839861e+01
6.839861e+01
6.839862e+01
6.839863e+01
6.839863e+01
6.839864e+01
6.839865e+01
6.839865e+01
6.839866e+01
6.839866e+01
6.839867e+01
6.839868e+01
6.839868e+01
6.839869e+01
6.839870e+01
6.839870e+01
6.839871e+01
6.839871e+01
6.839872e+01
6.839873e+01
6.839873e+01
6.839874e+01
6.839874e+01
6.839875e+01
6.839876e+01
6.839876e+01
6.839877e+01
6.839877e+01
6.839878e+01
6.839879e+01
6.839879e+01
6.839880e+01
6.839880e+01
6.839881e+01
6.839881e+01
6.839882e+01
6.839882e+01
6.839883e+01
6.839884e+01
6.839884e+01
6.839885e+01
6.839885e+01
6.839886e+01
6.839886e+01
6.839887e+01
6.839887e+01
6.839888e+01
6.839888e+01
6.839889e+01
6.839889e+01
6.839890e+01
6.839891e+01
6.839891e+01
6.839892e+01
6.839892e+01
6.839893e+01
6.839893e+01
6.839894e+01
6.839894e+01
6.839895e+01
6.839895e+01
6.839896e+01
6.839896e+01
6.839897e+01
6.839897e+01
6.839898e+01
6.839898e+01
6.839898e+01
6.839899e+01
6.839899e+01
6.839900e+01
6.839900e+01
6.839901e+01
6.839901e+01
6.839902e+01
6.839902e+01
6.839903e+01
6.839903e+01
6.839904e+01
6.839904e+01
6.839905e+01
6.839905e+01
6.839905e+01
6.839906e+01
6.839906e+01
6.839907e+01
6.839907e+01
6.839908e+01
6.839908e+01
6.839909e+01
6.839909e+01
6.839909e+01
6.839910e+01
6.839910e+01
6.839911e+01
6.839911e+01
6.839911e+01
6.839912e+01
6.839912e+01
6.839913e+01
6.839913e+01
6.839914e+01
6.839914e+01
6.839914e+01
6.839915e+01
6.839915e+01
6.839916e+01
6.839916e+01
6.839916e+01
6.839917e+01
6.839917e+01
6.839918e+01
6.839918e+01
6.839918e+01
6.839919e+01
6.839919e+01
6.839919e+01
6.839920e+01
6.839920e+01
6.839921e+01
6.839921e+01
6.839921e+01
6.839922e+01
6.839922e+01
6.839922e+01
6.839923e+01
6.839923e+01
6.839924e+01
6.839924e+01
6.839924e+01
6.839925e+01
6.839925e+01
6.839925e+01
6.839926e+01
6.839926e+01
6.839926e+01
6.839927e+01
6.839927e+01
6.839927e+01
6.839928e+01
6.839928e+01
6.839928e+01
6.839929e+01
6.839929e+01
6.839929e+01
6.839930e+01
6.839930e+01
6.839930e+01
6.839931e+01
6.839931e+01
6.839931e+01
6.839932e+01
6.839932e+01
6.839932e+01
6.839933e+01
6.839933e+01
6.839933e+01
6.839934e+01
6.839934e+01
6.839934e+01
6.839935e+01
6.839935e+01
6.839935e+01
6.839936e+01
6.839936e+01
6.839936e+01
6.839936e+01
6.839937e+01
6.839937e+01
6.839937e+01
6.839938e+01
6.839938e+01
6.839938e+01
6.839938e+01
6.839939e+01
6.839939e+01
6.839939e+01
6.839940e+01
6.839940e+01
6.839940e+01
6.839940e+01
6.839941e+01
6.839941e+01
6.839941e+01
6.839942e+01
6.839942e+01
6.839942e+01
6.839942e+01
6.839943e+01
6.839943e+01
6.839943e+01
6.839944e+01
6.839944e+01
6.839944e+01
6.839944e+01
6.839945e+01
6.839945e+01
6.839945e+01
6.839945e+01
6.839946e+01
6.839946e+01
6.839946e+01
6.839946e+01
6.839947e+01
6.839947e+01
6.839947e+01
6.839947e+01
6.839948e+01
6.839948e+01
6.839948e+01
6.839948e+01
6.839949e+01
6.839949e+01
6.839949e+01
6.839949e+01
6.839950e+01
6.839950e+01
6.839950e+01
6.839950e+01
6.839951e+01
6.839951e+01
6.839951e+01
6.839951e+01
6.839951e+01
6.839952e+01
6.839952e+01
6.839952e+01
6.839952e+01
6.839953e+01
6.839953e+01
6.839953e+01
6.839953e+01
6.839953e+01
6.839954e+01
6.839954e+01
6.839954e+01
6.839954e+01
6.839955e+01
6.839955e+01
6.839955e+01
6.839955e+01
6.839955e+01
6.839956e+01
6.839956e+01
6.839956e+01
6.839956e+01
6.839956e+01
6.839957e+01
6.839957e+01
6.839957e+01
6.839957e+01
6.839957e+01
6.839958e+01
6.839958e+01
6.839958e+01
6.839958e+01
6.839958e+01
6.839959e+01
6.839959e+01
6.839959e+01
6.839959e+01
6.839959e+01
6.839960e+01
6.839960e+01
6.839960e+01
6.839960e+01
6.839960e+01
6.839961e+01
6.839961e+01
6.839961e+01
6.839961e+01
6.839961e+01
6.839961e+01
6.839962e+01
6.839962e+01
6.839962e+01
6.839962e+01
6.839962e+01
6.839963e+01
6.839963e+01
6.839963e+01
6.839963e+01
6.839963e+01
6.839963e+01
6.839964e+01
6.839964e+01
6.839964e+01
6.839964e+01
6.839964e+01
6.839964e+01
6.839965e+01
6.839965e+01
6.839965e+01
6.839965e+01
6.839965e+01
6.839965e+01
6.839966e+01
6.839966e+01
6.839966e+01
6.839966e+01
6.839966e+01
6.839966e+01
6.839967e+01
6.839967e+01
6.839967e+01
6.839967e+01
6.839967e+01
6.839967e+01
6.839967e+01
6.839968e+01
6.839968e+01
6.839968e+01
6.839968e+01
6.839968e+01
6.839968e+01
6.839969e+01
6.839969e+01
6.839969e+01
6.839969e+01
6.839969e+01
6.839969e+01
6.839969e+01
6.839970e+01
6.839970e+01
6.839970e+01
6.839970e+01
6.839970e+01
6.839970e+01
6.839970e+01
6.839971e+01
6.839971e+01
6.839971e+01
6.839971e+01
6.839971e+01
6.839971e+01
6.839971e+01
6.839972e+01
6.839972e+01
6.839972e+01
6.839972e+01
6.839972e+01
6.839972e+01
6.839972e+01
6.839972e+01
6.839973e+01
6.839973e+01
6.839973e+01
6.839973e+01
6.839973e+01
6.839973e+01
6.839973e+01
6.839973e+01
6.839974e+01
6.839974e+01
6.839974e+01
6.839974e+01
6.839974e+01
6.839974e+01
6.839974e+01
6.839974e+01
6.839975e+01
6.839975e+01
6.839975e+01
6.839975e+01
6.839975e+01
6.839975e+01
6.839975e+01
6.839975e+01
6.839976e+01
6.839976e+01
6.839976e+01
6.839976e+01
6.839976e+01
6.839976e+01
6.839976e+01
6.839976e+01
6.839976e+01
6.839977e+01
6.839977e+01
6.839977e+01
6.839977e+01
6.839977e+01
6.839977e+01
6.839977e+01
6.839977e+01
6.839977e+01
6.839978e+01
6.839978e+01
6.839978e+01
6.839978e+01
6.839978e+01
6.839978e+01
6.839978e+01
6.839978e+01
6.839978e+01
6.839978e+01
6.839979e+01
6.839979e+01
6.839979e+01
6.839979e+01
6.839979e+01
6.839979e+01
6.839979e+01
6.839979e+01
6.839979e+01
6.839979e+01
6.839980e+01
6.839980e+01
6.839980e+01
6.839980e+01
6.839980e+01
6.839980e+01
6.839980e+01
6.839980e+01
6.839980e+01
6.839980e+01
6.839980e+01
6.839981e+01
6.839981e+01
6.839981e+01
6.839981e+01
6.839981e+01
6.839981e+01
6.839981e+01
6.839981e+01
6.839981e+01
6.839981e+01
6.839981e+01
6.839982e+01
6.839982e+01
6.839982e+01
6.839982e+01
6.839982e+01
6.839982e+01
6.839982e+01
6.839982e+01
6.839982e+01
6.839982e+01
6.839982e+01
6.839982e+01
6.839983e+01
6.839983e+01
6.839983e+01
6.839983e+01
6.839983e+01
6.839983e+01
6.839983e+01
6.839983e+01
6.839983e+01
6.839983e+01
6.839983e+01
6.839983e+01
6.839984e+01
6.839984e+01
6.839984e+01
6.839984e+01
6.839984e+01
6.839984e+01
6.839984e+01
6.839984e+01
6.839984e+01
6.839984e+01
6.839984e+01
6.839984e+01
6.839984e+01
6.839985e+01
6.839985e+01
6.839985e+01
6.839985e+01
6.839985e+01
6.839985e+01
6.839985e+01
6.839985e+01
6.839985e+01
6.839985e+01
6.839985e+01
6.839985e+01
6.839985e+01
6.839985e+01
6.839986e+01
6.839986e+01
6.839986e+01
6.839986e+01
6.839986e+01
6.839986e+01
6.839986e+01
6.839986e+01
6.839986e+01
6.839986e+01
6.839986e+01
6.839986e+01
6.839986e+01
6.839986e+01
6.839986e+01
6.839987e+01
6.839987e+01
6.839987e+01
6.839987e+01
6.839987e+01
6.839987e+01
6.839987e+01
6.839987e+01
6.839987e+01
6.839987e+01
6.839987e+01
6.839987e+01
6.839987e+01
6.839987e+01
6.839987e+01
6.839987e+01
6.839987e+01
6.839988e+01
6.839988e+01
6.839988e+01
6.839988e+01
6.839988e+01
6.839988e+01
6.839988e+01
6.839988e+01
6.839988e+01
6.839988e+01
6.839988e+01
6.839988e+01
6.839988e+01
6.839988e+01
6.839988e+01
6.839988e+01
6.839988e+01
6.839989e+01
6.839989e+01
6.839989e+01
6.839989e+01
6.839989e+01
6.839989e+01
6.839989e+01
6.839989e+01
6.839989e+01
6.839989e+01
6.839989e+01
6.839989e+01
6.839989e+01
6.839989e+01
6.839989e+01
6.839989e+01
6.839989e+01
6.839989e+01
6.839989e+01
6.839989e+01
6.839990e+01
6.839990e+01
6.839990e+01
6.839990e+01
6.839990e+01
6.839990e+01
6.839990e+01
6.839990e+01
6.839990e+01
6.839990e+01
6.839990e+01
